[-0.40386841 -0.6394883  -0.63341846 -0.14808983  0.06924939]

[-0.22086659 -0.23067862 -0.49238872 -0.48281971 -0.60190752 -0.23889066
  0.05551928]

[-0.23541832 -0.16648305 -0.26195419 -0.80703177 -0.13455579 -0.3794124
 -0.16508924  0.08733752]

[-0.97464445  0.22375925]

[-0.29949183 -0.50350334 -0.17483305 -0.38810674 -0.4120779  -0.52529268
 -0.15794087 -0.04863625  0.05044   ]

[-0.37995165 -0.70359491 -0.08540021 -0.06899475 -0.58480754  0.08085547]

[ 0.78040387  0.61218196 -0.12729116]

[-0.40411089 -0.38643278 -0.47711467 -0.20894328 -0.02879271 -0.24365619
 -0.22302675 -0.39697646 -0.32355855 -0.20394498  0.04749854]

[ 0.30274127  0.73434349  0.60312542 -0.0729869 ]

[ 0.57840961  0.33224795  0.28148667  0.1431392   0.14025502  0.56131537
  0.07429382  0.31330571  0.10959839 -0.06994128]

