8.873684210526315 7.313157894736842 4.843580834541057
8.04146186042648 8.066684420318353 5.007464676666398
8.37071129707113 6.722175732217574 9.96542145986128
8.064502271320286 6.971752496266248 9.945129573208966
4.585593220338983 6.996610169491525 3.437960200771756
6.02074559514559 4.095673591328098 4.92426303131483
11.610365853658536 1.0390243902439025 9.976527090271647
10.035582858379708 5.0111827971422045 11.160593174032677
2.941818181818182 6.134545454545455 6.26550333794293
5.027314765597172 8.152355843554549 7.053583290765608
